First column - grid, second column - solution:
0          -2.58498
0.0160285          -2.61541
0.0320571          -2.64515
0.0480856          -2.67421
0.0641141          -2.70257
0.0801427          -2.73022
0.0961712          -2.75715
0.1122          -2.78334
0.128228          -2.80879
0.144257          -2.83349
0.160285          -2.85742
0.176314          -2.88057
0.192342          -2.90294
0.208371          -2.92452
0.224399          -2.94529
0.240428          -2.96524
0.256457          -2.98438
0.272485          -3.00268
0.288514          -3.02013
0.304542          -3.03674
0.320571          -3.05249
0.336599          -3.06737
0.352628          -3.08138
0.368656          -3.09451
0.384685          -3.10674
0.400713          -3.11808
0.416742          -3.12852
0.43277          -3.13804
0.448799          -3.14665
0.464827          -3.15434
0.480856          -3.16109
0.496885          -3.16691
0.512913          -3.17178
0.528942          -3.17571
0.54497          -3.17869
0.560999          -3.18071
0.577027          -3.18178
0.593056          -3.18187
0.609084          -3.181
0.625113          -3.17915
0.641141          -3.17632
0.65717          -3.17251
0.673198          -3.16772
0.689227          -3.16195
0.705255          -3.15518
0.721284          -3.14742
0.737313          -3.13867
0.753341          -3.12892
0.76937          -3.11817
0.785398          -3.10643
0.801427          -3.09369
0.817455          -3.07994
0.833484          -3.0652
0.849512          -3.04945
0.865541          -3.0327
0.881569          -3.01495
0.897598          -2.9962
0.913626          -2.97644
0.929655          -2.95569
0.945684          -2.93394
0.961712          -2.9112
0.977741          -2.88745
0.993769          -2.86272
1.0098          -2.83699
1.02583          -2.81028
1.04185          -2.78258
1.05788          -2.7539
1.07391          -2.72424
1.08994          -2.6936
1.10597          -2.66199
1.122          -2.62942
1.13803          -2.59588
1.15405          -2.56138
1.17008          -2.52592
1.18611          -2.48952
1.20214          -2.45217
1.21817          -2.41388
1.2342          -2.37466
1.25023          -2.33452
1.26625          -2.29345
1.28228          -2.25146
1.29831          -2.20857
1.31434          -2.16478
1.33037          -2.1201
1.3464          -2.07453
1.36243          -2.02808
1.37845          -1.98075
1.39448          -1.93257
1.41051          -1.88353
1.42654          -1.83364
1.44257          -1.78292
1.4586          -1.73137
1.47463          -1.679
1.49065          -1.62582
1.50668          -1.57183
1.52271          -1.51706
1.53874          -1.46151
1.55477          -1.40518
1.5708          -1.3481
Maximum error is : 3.85929e-08
